56,34
56,33
56,32
56,31
56,30
56,29
56,28
56,27
56,26
56,25
56,24
56,23
42,28
56,22
56,21
42,27
56,20
56,19
56,18
56,17
42,26
56,16
56,15
56,14
42,25
42,24
56,13
56,12
42,23
56,11
56,10
42,22
42,21
56,9
42,20
42,19
56,8
56,7
73,6
73,5
73,4
73,3
73,2
73,1
73,0
61,11
61,10
14,8
61,9
61,8
61,7
61,6
61,5
61,4
60,6
60,5
60,4
59,9
59,8
59,7
59,6
59,5
59,4
58,8
58,7
58,6
58,5
57,7
57,6
57,5
56,6
56,5
56,4
55,4
53,6
53,5
53,4
14,7
72,6
72,5
72,4
72,3
72,2
72,1
72,0
71,5
71,4
71,3
71,2
71,1
71,0
70,6
70,5
70,4
70,3
70,2
70,1
70,0
48,4
69,5
69,4
69,3
69,2
69,1
69,0
68,6
68,5
68,4
68,3
68,2
68,1
68,0
67,6
67,5
67,4
67,3
67,2
67,1
67,0
66,6
66,5
66,4
66,3
66,2
66,1
66,0
42,18
42,17
42,16
42,15
42,14
42,13
42,12
42,11
42,10
42,9
42,8
42,7
42,6
42,5
42,4
65,6
65,5
65,4
65,3
65,2
65,1
65,0
39,6
39,5
39,4
38,8
38,7
38,6
38,5
35,6
14,6
35,5
35,4
34,8
34,7
34,6
34,5
0,467
0,466
34,4
0,465
0,464
0,463
0,462
0,461
0,460
0,459
0,458
0,457
64,4
64,3
64,2
64,1
64,0
0,456
0,455
0,454
0,453
63,4
63,3
63,2
63,1
63,0
0,452
0,451
27,14
0,450
0,449
27,13
0,448
27,12
27,11
0,447
0,446
27,10
0,445
0,444
27,9
0,443
0,442
27,8
27,7
14,5
14,4
0,441
0,440
27,6
0,439
0,438
0,437
